vec3(-0.0492129,-0.0658042,0.0569903),
vec3(0.0336466,0.0931215,0.0226105),
vec3(0.0763073,0.0726652,0.0136392),
vec3(-0.0570259,-0.0796348,0.0584518),
vec3(-0.0620344,-0.0579189,0.0917722),
vec3(0.105417,-0.0899175,0.01185),
vec3(0.0118068,-0.0662066,0.141037),
vec3(-0.0762656,-0.0972499,0.126096),
vec3(-0.136212,-0.123223,0.0791359),
vec3(-0.20785,0.0337339,0.0836123),
vec3(-0.172152,0.11732,0.149211),
vec3(0.192247,-0.119907,0.1795),
vec3(-0.0563163,-0.26855,0.174167),
vec3(-0.118119,-0.266439,0.218173),
vec3(-0.0916569,0.269718,0.289639),
vec3(-0.300064,-0.331111,0.0650805),
