vec3(-0.0477493,0.0586318,0.0654394),
vec3(-0.00404017,0.103371,0.00370035),
vec3(-0.0272919,-0.102158,0.0427683),
vec3(0.0882698,-0.0869519,0.0444644),
vec3(0.105845,0.0476479,0.104597),
vec3(-0.125905,-0.132267,0.0442295),
vec3(0.0988902,-0.114603,0.168575),
vec3(0.0756769,-0.00941254,0.261368),
vec3(-0.286377,-0.137247,0.0691109),
vec3(0.229122,-0.30217,0.0651225),
vec3(-0.173182,-0.205529,0.36287),
vec3(-0.159769,0.238636,0.439957),
vec3(-0.503764,-0.137895,0.307808),
vec3(0.203703,-0.0559831,0.661213),
vec3(-0.0698398,-0.147823,0.771939),
vec3(-0.443512,-0.157135,0.756647),
